t               Euler's Method          Exact Solution          Error           Error Bound
----------------------------------------------------------------------------
0.00            0.800000                        0.500000                0.300000        0.300000
0.20            1.152000                        0.829299                0.322701        0.352000
0.40            1.550400                        1.214088                0.336312        0.398400
0.60            1.988480                        1.648941                0.339539        0.438080
0.80            2.458176                        2.127230                0.330946        0.469696
1.00            2.949811                        2.640859                0.308952        0.491635
1.20            3.451773                        3.179942                0.271832        0.501962
1.40            3.950128                        3.732400                0.217728        0.498355
1.60            4.428154                        4.283484                0.144670        0.478026
1.80            4.865785                        4.815176                0.050608        0.437631
2.00            5.238941                        5.305472                0.066531        0.373157